val_clean_acc: 0.806231
test_clean_acc: 0.805833
test_adv_acc: 0.609837
